1000
x y
0.125126 -9.8588
80.874 129.072
35.0291 66.1453
74.6605 91.715
71.0501 105.682
1.49846 -6.57021
14.7313 16.5336
44.5692 42.3803
0.89114 -5.36637
57.1184 91.2738
16.6234 21.8158
35.2123 34.8188
78.3319 142.234
30.195 54.9313
95.5901 187.032
14.2338 12.5877
86.2239 108.716
84.3654 174.894
61.1499 81.9246
29.7281 45.9142
37.5866 39.5987
5.62151 3.42097
27.5887 31.7556
69.1183 129.189
48.4939 58.7393
46.8459 70.4757
74.4438 83.9394
38.5235 64.7806
57.2405 73.1634
22.5105 30.3607
51.7106 103.59
34.5561 38.4241
49.1897 52.2318
50.4807 60.4703
14.1575 23.3165
30.3049 34.9659
96.6613 161.898
87.7255 162.401
19.1351 20.6245
47.5265 52.7112
73.2017 101.008
56.8743 96.9222
72.1915 102.953
36.7809 59.5103
51.7014 83.411
10.4678 18.666
54.9547 72.1811
37.4981 64.1768
45.6099 60.4015
29.78 48.4438
19.599 32.8743
39.7656 60.5624
2.74667 -0.520872
5.05081 -1.8198
84.3043 140.149
19.7851 27.6591
10.9928 11.4017
94.1069 121.803
14.0263 22.0576
70.7999 115.849
25.2724 19.467
6.10065 8.15555
21.0578 19.13
1.42521 -5.72499
75.222 127.792
7.38853 1.37351
69.6219 89.1659
23.2429 32.3243
62.8681 72.2672
96.3042 170.187
18.9947 17.0589
99.5178 152.973
9.75066 5.76551
43.7727 77.4093
89.462 114.627
76.9066 106.204
62.8071 99.5485
46.6353 73.526
85.4793 159.119
72.0908 111.837
18.4271 27.4186
90.5087 111.431
60.4724 102.606
35.1299 44.817
74.0745 121.023
69.1122 121.117
57.6037 110.464
61.4704 100.781
66.7775 129.816
56.9201 69.759
10.8554 17.8871
74.4316 84.672
7.93481 3.74591
82.0002 127.38
40.8979 49.8613
50.1206 54.0141
73.7999 100.611
95.9075 184.509
30.0058 50.6041
6.57369 5.63701
60.9638 114.071
87.5637 144.796
10.4801 7.0919
29.0292 52.1501
66.2801 73.4249
37.9131 56.4737
50.9262 70.373
53.2151 82.7518
0.589007 -9.92895
62.3066 115.238
74.7337 111.144
78.5363 121.377
95.5718 155.186
37.4248 41.5262
95.172 151.212
32.9844 32.5191
13.1626 22.2717
59.6881 105.27
1.46794 -3.12054
61.7145 69.9725
16.892 20.5334
31.9407 41.485
80.2393 146.272
61.1103 113.004
14.481 17.0789
25.37 27.923
6.61641 3.84212
30.2286 40.0739
31.135 33.7733
13.4709 14.5281
89.523 164.604
61.5223 86.4583
22.8492 35.1607
24.955 38.8345
5.38041 -0.396711
42.6801 41.5766
89.1537 108.286
12.5095 14.216
4.70901 -3.17954
91.4701 129.405
94.6165 176.632
84.2097 143.01
25.9163 21.8762
95.4802 133.507
58.5559 74.1912
94.528 142.05
0.717185 -4.52074
78.6157 121.237
22.2327 21.014
41.792 44.0079
85.5098 95.7169
66.2069 114.636
53.0137 84.0904
68.9505 121.812
3.10678 0.561465
70.6565 77.2797
94.7905 100.591
14.5177 24.4224
29.2245 50.7814
69.454 81.1437
24.0547 36.026
10.6418 13.729
8.01111 4.79558
97.4395 179.488
21.0639 20.8259
75.0633 83.1775
31.1136 53.4946
25.2083 22.9773
15.3508 23.262
93.9085 117.47
64.5558 110.5
45.5458 86.7032
15.0761 19.8727
42.204 79.6295
57.857 85.2332
39.6954 45.9349
79.5251 91.8079
38.9416 54.5497
19.7668 19.2683
45.4329 72.4046
44.1298 70.7135
83.5719 131.417
94.9461 179.531
98.7457 123.876
57.445 82.857
70.8518 72.3085
26.0201 36.182
71.0196 126.816
39.3567 55.9718
30.8603 39.6291
35.3557 60.2851
73.6381 124.846
20.0171 22.2797
91.113 126.916
10.9378 11.9877
51.796 83.2787
68.7643 70.6545
7.57775 0.0970278
30.723 44.6448
39.4848 40.8695
72.4937 89.0882
61.5711 101.491
9.83001 4.6702
97.4578 150.127
72.7866 113.511
69.2801 93.8743
4.99588 -0.763369
6.08234 4.42426
21.247 23.0579
0.915555 -5.51158
60.5945 104.628
34.9803 65.3776
62.331 119.26
56.2853 102.387
30.6406 30.6803
61.2568 79.5314
3.10373 1.40785
93.6766 135.966
61.1591 113.469
58.2598 87.5417
79.3176 117.816
58.9435 94.5491
67.275 85.2189
26.7312 28.8556
77.102 110.173
11.6855 15.6221
89.3948 108.051
90.2005 167.237
19.7363 35.4774
95.3398 182.703
62.8712 74.9878
26.4992 31.1131
78.811 95.3025
48.0941 52.8879
85.5342 95.8232
57.3321 85.8024
19.187 33.0197
1.53508 -2.40083
17.4139 11.1608
67.6626 124.759
37.1227 60.0975
63.8234 75.0374
97.1038 122.402
76.9219 84.7628
0.924711 -4.22168
34.3242 44.1513
9.06705 9.90966
33.7992 56.1654
53.5478 77.966
46.5774 55.6126
86.3338 125.85
56.5813 98.1631
86.4223 159.501
86.4376 146.295
82.8639 151.311
90.8322 176.023
44.0168 44.6966
82.3054 115.438
0.0854518 -4.1143
6.37226 -0.561553
68.3889 120
14.2857 7.86803
1.85553 -1.6671
5.36515 5.18094
43.1715 38.8236
39.1949 64.5672
2.28278 -6.21894
63.4266 102.514
46.3424 51.9374
78.2159 105.636
60.802 70.9595
75.5821 87.1085
71.1631 145.108
64.1652 107.902
68.8162 89.3126
29.0384 42.9857
24.6437 33.5065
95.2055 164.148
62.3371 92.3454
74.5537 145.783
62.9475 120.426
91.8393 140.346
44.9721 86.8687
18.2928 14.7612
73.0491 143.354
4.13526 -4.45392
55.6352 83.9544
6.13727 2.14143
60.0909 58.8539
66.0237 85.7345
65.3584 91.0013
22.1625 29.081
49.7543 76.0146
43.5072 39.4493
37.5896 42.4549
73.3299 140.443
65.0594 100.377
73.7175 144.302
36.3262 41.0807
82.1223 116.769
86.9442 150.227
41.6669 73.5166
16.4861 10.7871
59.1113 66.201
58.0096 99.17
91.5647 153.03
80.8863 117.54
77.2515 90.4735
38.8256 43.554
19.5624 30.2038
38.1726 42.8023
19.8157 18.4251
76.104 138.783
44.8622 64.4919
46.1348 69.0723
23.8502 28.5046
92.2025 180.406
5.96332 3.80737
74.7215 129.245
90.9909 162.15
55.2843 56.8672
79.0368 130.835
73.1742 118.126
87.5546 157.139
39.494 51.0009
65.1967 67.4579
75.6188 89.3442
5.75274 -1.48727
34.5866 58.1637
43.6262 85.173
29.5297 43.3111
7.92871 -1.0455
14.301 19.9466
37.3821 60.0096
81.4203 106.082
25.6508 25.2052
22.9377 41.3888
88.7692 166.73
4.08948 -4.95441
35.5907 44.99
89.4467 147.583
91.1679 143.235
99.9329 203.468
84.0205 96.49
28.4371 33.8801
74.1813 123.067
64.5039 118.736
81.8171 95.3852
37.5072 62.7857
88.9676 96.461
44.8866 40.0012
41.847 49.7749
50.1694 62.9156
90.6522 107.391
77.1172 95.9968
80.6391 148.725
53.8926 109.426
64.687 82.0148
37.1044 42.778
56.1296 73.2727
32.4931 54.9689
94.0184 111.672
89.3948 128.387
63.4754 99.6145
42.3658 43.9419
13.9622 10.0117
68.1661 110.843
60.7227 106.886
81.8384 139.897
51.6526 45.925
74.8314 104.32
46.2264 74.8517
63.097 65.7561
96.9085 150.16
26.5938 45.589
59.7217 77.8799
46.0067 76.5437
1.44963 -3.44975
40.3882 48.1968
28.8827 45.8484
43.2173 79.6277
53.3128 56.9234
86.52 128.014
33.2957 49.6662
55.9618 55.5228
23.3039 44.0734
96.411 158.588
7.64489 2.57411
49.8581 55.5829
30.427 54.5778
58.8427 68.2433
56.0717 101.209
30.1401 51.736
23.1086 22.2944
89.0347 137.361
99.5239 109.564
25.6935 21.7878
23.1483 34.517
4.92874 -2.80938
27.9733 38.0977
41.2275 77.4843
29.2154 38.0527
95.1323 153.161
79.4427 145.002
87.0083 120.775
26.7922 49.9329
12.7628 16.6578
17.5909 8.23543
45.4787 78.604
1.44658 -1.9156
79.7205 144.432
29.8746 53.4219
84.2128 106.054
2.3011 -8.98572
35.6212 56.762
18.0425 15.0431
74.4896 80.5575
52.562 72.7483
15.8818 21.0797
2.92367 -0.0727184
24.9214 33.1051
53.9933 92.0008
93.2524 179.779
15.3233 21.4082
89.5138 101.679
82.2413 115.886
67.1957 95.0303
94.9461 192.972
59.4806 70.9494
19.7943 26.534
35.5327 40.0403
69.1794 136.401
98.2574 124.557
23.5817 39.9606
32.6456 47.1649
33.6528 38.4267
29.017 35.5096
73.9677 135.561
68.6697 89.7523
6.44246 8.32728
34.1563 31.9306
2.07831 -1.78665
54.0574 85.8035
77.7367 130.232
75.9941 139.137
42.3505 68.1069
43.8368 43.131
26.9265 21.9059
98.2055 151.918
7.10166 7.97706
86.0073 114.052
28.9529 31.2509
17.246 10.3603
30.0912 51.2741
8.36818 0.76864
21.7536 25.9496
63.2282 68.8478
75.8843 97.3778
28.251 47.4232
56.7583 100.541
79.5404 161.358
61.8854 98.8132
19.425 30.6975
4.22987 -3.78464
40.6812 67.8133
90.0052 128.433
20.6488 17.8528
35.3984 46.407
97.6043 126.151
34.6965 65.9012
20.1666 19.432
53.1999 64.2005
9.96124 7.11388
84.3806 145.703
0.5768 -5.03578
93.5331 124.128
74.691 144.55
83.0103 132.657
78.4234 91.4649
68.9047 100.919
10.1932 3.68241
68.7429 83.1041
22.8645 26.0944
76.3298 80.4291
5.61541 0.424647
56.5477 110.372
87.8658 124.595
41.3495 68.9479
94.5189 118.753
61.626 65.396
42.1949 80.7289
20.0873 21.8253
62.3127 106.966
10.5258 6.49867
31.6782 57.4917
31.1533 34.0735
46.9069 90.608
36.848 47.8126
58.0432 106.169
39.3384 73.7763
41.8592 67.2754
8.36512 0.545575
8.7344 5.09717
62.9139 78.9346
61.4521 67.1814
82.4976 124.914
22.0954 19.8665
26.4595 23.0626
77.0562 90.7387
36.9427 67.2498
22.2663 24.0159
31.0617 42.6876
84.1609 117.6
72.4174 121.794
8.17286 11.6147
63.7806 85.8463
9.43937 4.18705
34.312 59.3765
31.0312 30.3369
18.2287 15.0744
17.246 13.4071
50.1907 99.6704
44.6455 79.6637
48.1918 70.7542
24.8604 41.4077
29.9539 53.7811
62.9902 107.443
26.0964 33.7914
85.9462 134.088
25.6172 44.6862
9.35392 6.78243
28.2632 36.3714
51.5091 68.2951
97.4975 102.574
91.4792 133.839
18.7658 14.7826
67.7938 106.571
83.7184 107.814
87.0449 106.426
53.8377 59.7698
20.4627 16.4841
19.953 34.974
73.8792 97.8141
78.6126 156.186
84.4325 103.797
6.18915 1.88487
89.2758 127.858
38.1573 49.4663
88.7539 123.698
67.4642 85.0585
52.7848 96.3409
74.633 114.696
55.9038 68.5512
5.41398 6.5179
36.848 41.0508
32.4564 34.1457
24.8817 26.8664
87.5271 145.343
19.6844 26.1622
43.3332 71.2922
17.4444 22.4496
70.9403 88.6771
4.73037 -2.92048
13.0833 8.99618
56.8957 83.0997
7.71813 -0.514522
41.1267 41.255
82.0643 122.71
98.7945 188.44
28.4433 44.1052
29.4748 35.8316
81.1121 119.85
82.9218 126.222
50.9568 99.5234
47.3922 70.7087
54.8845 77.2646
65.9719 73.7267
11.243 8.97769
79.1284 112.835
74.4346 108.001
44.2091 66.3236
63.2038 97.5928
83.6665 95.6675
10.9256 2.67977
25.5959 33.7332
44.2732 48.0321
85.6777 153.539
92.3826 120.002
60.6861 64.9345
53.7248 68.0064
23.7068 40.9993
15.2593 10.3896
91.6715 150.92
40.556 72.7523
39.9579 55.5302
32.841 47.172
28.9956 44.3519
47.8072 63.0225
46.0341 69.5916
92.23 107.258
14.8686 9.14948
10.2023 14.5215
49.0738 70.7826
41.85 61.8075
83.0592 118.763
52.0035 99.1928
72.57 117.331
81.341 147.463
74.3584 99.096
81.8964 145.009
56.3219 61.037
75.7103 105.405
17.0965 18.5226
31.8613 36.799
69.8416 118.07
5.6032 5.5322
32.0688 34.7707
36.8542 48.3386
23.6213 26.3925
75.6035 117.937
71.2149 97.5414
2.15766 -1.80807
12.6377 14.808
52.3942 96.8284
49.5163 50.7104
55.3484 73.9583
76.4275 73.8073
54.6953 91.903
79.4031 148.901
29.6457 40.6349
10.1779 4.12599
66.8203 79.2259
67.0766 120.204
75.6584 116.962
11.1454 10.5717
97.7477 145.363
80.1202 128.723
48.262 93.0147
94.7996 119.497
57.5701 69.005
45.793 68.2727
65.5751 109.815
65.0746 74.9139
73.2139 148.89
89.3307 144.104
86.8862 144.292
73.1071 87.0865
15.2776 17.1336
71.6788 135.199
6.37226 3.56124
48.8083 71.3376
57.8783 76.9285
36.0332 55.4669
9.5645 8.50208
39.668 40.076
43.3912 51.9641
22.4982 25.045
89.3094 169.233
41.1695 52.4845
73.9372 101.827
60.3381 100.811
68.2485 80.243
53.1663 90.2032
1.51067 -4.98196
97.0855 188.189
24.5827 20.2531
46.6292 68.0761
38.6181 44.9661
73.9921 72.4567
68.0258 134.956
75.0877 87.9732
61.2751 105.787
7.11081 10.8875
62.8498 118.76
15.2196 24.1571
26.2947 27.7914
83.4315 144.283
44.8531 88.0287
70.8762 78.2506
74.691 151.274
31.4127 28.3048
29.1787 56.1767
24.9763 29.5286
43.0891 53.5499
75.3319 103.992
55.797 93.98
73.6259 127.068
55.0188 108.731
32.7677 44.4092
69.5669 105.304
26.8349 20.981
13.9775 11.5232
64.6504 117.167
81.7591 138.194
10.2268 6.82042
70.1132 115.589
37.199 56.4515
9.88494 4.298
52.0737 70.1607
82.4152 145.104
5.17289 4.56808
42.7198 69.6929
90.0754 172.166
48.2986 71.5777
75.7714 107.887
27.3995 28.3948
82.226 145.114
22.4281 17.1775
62.569 108.095
25.4707 35.8892
56.1937 76.3266
96.7132 135.959
88.8882 144.497
34.7362 62.3456
81.4997 112.97
63.2405 126.588
49.9283 57.7942
23.838 37.6592
98.9563 182.015
32.1726 42.7917
93.0876 177.312
76.3665 121.673
91.702 148.265
26.3558 32.5235
25.8064 27.3133
91.4396 165.858
32.2153 40.4529
24.5491 46.1027
10.3397 7.61592
37.5958 44.4226
89.6725 114.912
75.2037 130.402
54.7929 69.5631
6.88803 1.17467
32.0139 34.5357
52.5925 70.4682
59.8498 97.7793
66.0451 113.341
7.17795 -1.84238
77.2179 155.755
30.5246 37.4292
51.561 59.8667
37.7239 55.5443
72.3258 124.899
12.3356 20.6803
5.63677 0.473557
13.3671 20.2893
78.4631 130.094
61.2598 109.694
99.8047 186.759
15.7292 16.6254
97.8851 154.016
6.84835 1.78196
43.086 75.0838
59.6698 111.67
90.7346 108.783
17.9113 18.7766
21.6773 37.7768
85.6136 120.686
94.8759 104.773
30.0607 38.8925
66.8691 82.6514
87.2219 133.57
91.1771 143.252
44.6028 75.6618
98.2055 195.983
8.79849 3.89322
86.2514 140.029
58.0523 76.1725
38.7158 65.9153
96.7956 104.245
34.3852 38.1728
31.7057 37.4023
49.0768 53.8745
39.7595 58.7947
70.6565 111.746
60.622 70.2899
77.6025 149.299
81.2098 151.69
77.0165 94.1995
51.3932 96.1246
72.9179 124.757
39.6527 76.2761
53.2884 66.0996
68.0776 116.016
56.2243 70.2026
20.2643 29.7403
14.9022 22.0684
55.681 93.8557
99.9939 162.948
52.5193 56.497
89.2666 137.958
0.534074 -2.73908
9.9826 8.83179
38.1603 59.7193
32.6548 25.1995
36.9823 31.213
57.4602 97.6445
43.9406 49.6467
39.4757 53.3931
59.7156 96.1164
58.4765 69.3638
23.4077 34.9743
65.7826 115.38
51.149 57.4415
47.0992 95.0426
2.21564 -8.47451
38.9386 52.5057
83.2331 132.233
39.4696 72.9377
11.2613 14.2622
75.2831 148.061
3.01828 -6.09153
35.5449 48.6333
2.04169 -0.0182154
77.6666 141.231
61.4124 58.7864
55.4033 88.9508
28.6416 43.7562
34.7697 53.0863
94.4639 187.898
57.0208 111.224
30.665 56.3688
94.0306 153.204
16.5624 18.7093
32.3466 42.0397
1.54424 -4.69035
30.0851 52.0861
34.9345 27.6358
28.5775 35.12
76.5679 87.2492
80.6055 97.3283
44.789 80.7209
91.5128 144.403
24.9855 37.2326
71.3828 140.302
14.5116 17.5873
77.8283 140.693
80.6421 86.6617
2.53914 -2.41043
20.2826 25.218
33.2133 56.2889
95.4009 113.971
17.7648 15.8219
39.4513 68.8935
83.166 141.104
49.8489 75.6182
28.4127 26.7505
62.1235 68.1567
33.372 62.7219
5.56963 1.45049
14.3803 11.0652
30.2286 28.3826
26.5267 41.5568
33.4056 53.4474
73.5954 78.7308
63.567 64.0907
52.4888 81.5622
2.06 1.42832
42.0331 40.8474
82.0856 96.2033
58.6047 95.966
61.446 60.9883
56.0991 90.5679
83.8588 132.606
57.1337 108.897
5.11795 -0.948337
79.2901 144.678
88.0825 133.537
76.5862 81.1729
46.1959 56.4892
64.9556 74.5218
2.50557 -1.1835
53.9201 64.9181
91.1191 155.017
77.102 78.7415
24.6345 28.8339
14.3895 15.3898
45.6465 77.0949
41.0535 46.9378
36.1003 43.0199
36.0057 48.5846
37.4584 56.9176
45.8937 57.6227
99.5788 116.621
45.4054 55.8052
89.7244 154.074
70.513 90.6297
17.6 18.894
42.0667 39.6909
30.0119 31.1779
55.1927 103.115
62.6911 98.135
97.7142 151.354
68.9627 116.25
90.5454 141.583
38.1268 62.2143
27.7779 24.4679
33.018 39.4463
45.7289 61.8842
78.7622 92.3271
81.8323 114.656
85.6777 150.971
7.79443 -0.682353
51.265 71.5339
49.8093 92.8075
21.5339 32.9556
54.0422 82.0317
63.1306 94.0181
30.9519 45.1128
67.6321 128.985
29.2306 21.2471
39.8663 39.2496
62.3035 66.8638
76.3329 141.801
49.5956 74.9971
79.7266 91.5421
53.6637 72.0151
44.2183 75.0327
5.46281 6.12674
45.3352 69.1713
25.8553 46.4569
41.3312 44.6767
84.3867 126.734
1.62358 -8.0118
99.1943 201.414
85.1222 93.4807
86.6482 147.122
59.4256 102.684
29.0078 51.3065
43.5255 73.0468
55.0493 57.5488
34.0922 56.1302
35.139 48.706
1.49236 -4.59141
90.8109 163.98
78.5516 126.55
22.2266 23.3413
75.396 133.655
77.4743 149.555
0.128178 -5.02043
37.7087 52.6542
9.62554 11.149
84.7194 158.613
20.5634 31.8326
64.388 111.585
39.8358 66.0315
73.9036 97.2767
88.525 135.167
94.4456 140.384
57.1215 100.579
77.2546 117.403
4.07117 -0.634983
81.7652 106.156
57.5762 86.5097
72.5578 100.327
64.3941 81.4477
19.4678 21.3719
11.5635 4.32174
25.2449 29.2003
90.2158 162.045
39.5093 66.4612
37.1014 31.9941
19.7272 13.4789
42.2285 44.731
81.2128 123.082
11.6947 12.5163
51.854 103.167
86.9716 135.047
25.6355 34.6523
7.07114 0.562476
4.39772 0.307653
21.4484 40.699
42.6435 61.8192
81.0846 94.6345
77.4163 94.5486
15.9612 22.6677
47.5082 52.8769
11.2522 5.96144
95.3551 190.141
84.4478 94.138
14.0141 25.0626
4.28785 -5.08795
62.8071 107.551
41.7341 72.7536
40.8246 51.6713
65.9322 75.549
90.7743 119.21
57.1245 103.339
18.0883 24.5432
65.5507 107.472
65.2974 96.9083
63.5701 115.041
91.0947 136.907
79.8364 109.453
80.3644 78.0495
31.9559 36.5439
67.8762 130.533
49.9466 69.427
6.9277 10.8212
